x,y,Pressure_1,Phase_1,Pressure_2,Phase_2,Pressure_3,Phase_3
-2.237,0.426, 67.477,-1.027,16.950,-54.290,21.998,157.099
-2.237,1.278, 79.329,0.961,19.298,-56.269,24.514,155.832
-2.237,2.130, 93.536,2.507,21.856,-58.239,27.130,154.657
-2.237,2.983, 109.999,3.370,24.527,-60.190,29.725,153.587
-2.237,3.835, 128.009,3.373,27.146,-62.102,32.120,152.642
-2.237,4.687, 143.751,1.844,28.997,-64.382,33.248,151.949
-2.237,5.539, 157.368,-0.391,30.182,-65.865,34.125,151.320
-2.237,6.391, 162.510,-3.733,29.712,-66.824,33.500,150.913
-2.237,7.243, 149.275,-7.860,26.710,-67.364,29.973,151.095
-2.237,8.096, 134.839,-13.039,23.117,-67.153,26.319,151.138
-2.237,8.948, 113.889,-17.143,19.142,-66.430,22.079,151.459
-2.237,9.800, 69.912,-22.808,11.731,-64.971,13.635,152.438
-2.237,10.652, 23.700,-27.387,4.031,-63.673,4.652,153.609
-1.385,0.426, 71.727,-1.907,18.104,-51.849,24.679,156.501
-1.385,1.278, 85.478,0.898,20.875,-54.005,27.777,155.197
-1.385,2.130, 102.734,3.287,23.970,-56.170,31.070,153.968
-1.385,2.983, 123.834,4.869,27.298,-58.344,34.424,152.818
-1.385,3.835, 148.304,5.322,30.667,-60.525,37.621,151.762
-1.385,4.687, 173.913,4.454,33.677,-62.642,40.292,150.830
-1.385,5.539, 195.184,2.167,35.495,-64.468,41.757,150.087
-1.385,6.391, 205.399,-1.655,35.217,-65.779,41.278,149.592
-1.385,7.243, 201.168,-6.684,32.762,-66.434,38.730,149.400
-1.385,8.096, 173.921,-13.823,27.205,-66.083,32.814,149.708
-1.385,8.948, 132.604,-20.569,20.290,-64.675,24.997,150.395
-1.385,9.800, 94.624,-25.587,14.473,-62.971,18.059,151.197
-1.385,10.652, 49.701,-30.505,7.657,-61.116,9.590,152.224
-0.533,0.426, 76.383,-3.599,19.607,-48.583,28.222,156.140
-0.533,1.278, 92.177,0.392,22.928,-50.958,32.124,154.795
-0.533,2.130, 113.214,4.076,26.750,-53.353,36.385,153.507
-0.533,2.983, 140.849,6.798,31.009,-55.783,40.866,152.272
-0.533,3.835, 175.400,7.966,35.514,-58.274,45.309,151.092
-0.533,4.687, 214.306,7.203,39.752,-60.803,49.202,149.994
-0.533,5.539, 248.502,4.238,42.387,-63.138,51.425,149.072
-0.533,6.391, 265.021,-1.047,41.805,-64.858,50.728,148.448
-0.533,7.243, 257.290,-8.025,37.885,-65.479,46.990,148.232
-0.533,8.096, 229.286,-15.298,32.085,-64.727,41.160,148.444
-0.533,8.948, 177.401,-23.208,24.292,-62.458,32.272,149.226
-0.533,9.800, 119.120,-30.453,16.226,-59.477,22.087,150.301
-0.533,10.652, 55.153,-36.385,7.756,-56.852,10.503,151.777
0.320,0.426, 80.627,-6.919,21.505,-43.798,33.051,156.025
0.320,1.278, 97.361,-0.976,25.167,-47.037,37.298,154.663
0.320,2.130, 122.204,4.680,29.855,-49.682,42.833,153.324
0.320,2.983, 158.106,9.192,35.295,-52.362,48.866,152.012
0.320,3.835, 207.436,11.445,41.359,-55.143,55.108,150.709
0.320,4.687, 267.890,10.781,47.455,-58.122,60.854,149.423
0.320,5.539, 323.831,6.726,51.386,-61.159,64.212,148.270
0.320,6.391, 349.635,-0.724,50.147,-63.586,63.017,147.460
0.320,7.243, 333.590,-10.178,43.792,-64.185,57.345,147.230
0.320,8.096, 286.785,-19.681,35.326,-62.364,48.941,147.613
0.320,8.948, 225.823,-28.149,26.976,-58.869,39.221,148.430
0.320,9.800, 159.950,-35.031,19.336,-55.117,28.758,149.562
0.320,10.652, 92.079,-41.481,11.446,-51.455,17.075,150.946
1.172,0.426, 79.490,-13.552,22.095,-38.028,36.216,156.533
1.172,1.278, 95.107,-5.821,26.550,-40.969,42.314,155.094
1.172,2.130, 120.298,3.277,32.022,-43.913,49.402,153.705
1.172,2.983, 163.082,11.397,38.672,-46.825,57.482,152.329
1.172,3.835, 232.029,15.959,46.706,-49.808,66.396,150.902
1.172,4.687, 329.248,15.661,55.937,-53.242,75.419,149.376
1.172,5.539, 423.296,10.479,62.661,-57.001,81.409,147.966
1.172,6.391, 476.072,1.375,62.401,-60.386,81.563,146.844
1.172,7.243, 470.942,-10.443,54.527,-61.637,75.627,146.285
1.172,8.096, 411.933,-23.540,42.492,-58.695,65.021,146.576
1.172,8.948, 270.370,-35.332,28.105,-52.889,45.193,148.148
1.172,9.800, 195.347,-43.193,20.561,-47.101,33.898,149.400
1.172,10.652, 125.355,-47.593,13.972,-44.335,22.666,150.657
2.024,0.426, 80.653,-21.437,23.480,-31.647,40.787,156.896
2.024,1.278, 93.053,-11.643,28.381,-34.769,48.144,155.454
2.024,2.130, 117.196,2.009,34.500,-37.880,56.932,154.068
2.024,2.983, 169.580,14.671,42.190,-40.810,67.364,152.678
2.024,3.835, 266.628,20.786,52.043,-43.507,79.352,151.209
2.024,4.687, 412.754,19.459,64.657,-46.767,92.157,149.582
2.024,5.539, 556.561,11.752,74.533,-51.550,100.824,147.929
2.024,6.391, 628.433,-0.366,73.204,-56.366,100.468,146.489
2.024,7.243, 609.001,-15.518,60.374,-57.953,90.986,145.745
2.024,8.096, 517.657,-25.769,47.377,-56.251,77.192,146.012
2.024,8.948, 396.882,-39.621,34.267,-46.900,61.133,147.294
2.024,9.800, 285.450,-49.682,25.580,-38.000,46.351,148.900
2.024,10.652, 151.332,-57.729,15.303,-31.948,26.614,151.102
2.876,0.426, 81.824,-33.722,24.598,-23.053,45.263,157.573
2.876,1.278, 85.016,-27.077,29.134,-23.909,53.663,156.482
2.876,2.130, 98.453,-4.960,35.397,-26.616,64.864,155.118
2.876,2.983, 164.202,18.264,43.299,-28.615,78.709,153.755
2.876,3.835, 315.374,24.465,54.786,-29.662,95.100,152.275
2.876,4.687, 565.263,18.503,74.153,-32.548,114.806,150.569
2.876,5.539, 742.039,11.453,85.667,-36.826,126.404,149.257
2.876,6.391, 932.897,-5.544,89.917,-44.210,133.843,147.284
2.876,7.243, 881.638,-22.863,69.522,-49.356,119.399,145.564
2.876,8.096, 637.078,-38.959,45.221,-43.582,87.878,146.032
2.876,8.948, 453.944,-52.795,33.927,-30.436,66.492,147.906
2.876,9.800, 316.568,-62.435,26.607,-21.326,49.599,149.859
2.876,10.652, 196.822,-66.994,18.750,-18.596,33.220,151.593
3.728,0.426, 85.799,-49.213,24.862,-11.969,47.598,158.789
3.728,1.278, 83.339,-42.811,29.670,-13.977,57.230,157.397
3.728,2.130, 83.871,-15.103,35.312,-15.432,69.515,156.117
3.728,2.983, 129.333,12.657,40.896,-16.703,80.942,155.068
3.728,3.835, 293.632,23.631,51.238,-14.832,99.539,153.765
3.728,4.687, 600.988,15.774,71.281,-14.964,122.713,152.290
3.728,5.539, 1014.729,-0.262,95.083,-21.419,148.045,150.728
3.728,6.391, 1268.461,-22.205,89.917,-29.213,157.524,148.347
3.728,7.243, 1069.652,-43.971,61.482,-24.703,130.864,146.270
3.728,8.096, 866.984,-50.745,50.477,-21.736,108.001,146.501
3.728,8.948, 630.326,-68.561,42.905,-4.855,81.210,148.691
3.728,9.800, 342.373,-75.832,29.895,-4.295,51.600,151.342
3.728,10.652, 229.557,-79.412,22.534,-2.810,37.159,152.949
4.580,0.426, 94.762,-61.611,25.906,-1.180,49.801,159.890
4.580,1.278, 90.713,-60.662,30.468,-1.312,59.651,158.640
4.580,2.130, 77.030,-36.096,35.561,-0.200,72.277,157.481
4.580,2.983, 122.320,4.710,40.671,0.953,84.492,156.444
4.580,3.835, 326.603,13.355,52.653,7.892,103.943,155.419
4.580,4.687, 742.554,-0.615,76.678,8.559,129.364,154.386
4.580,5.539, 1437.965,-22.319,98.407,2.318,163.821,153.370
4.580,6.391, 1821.903,-42.219,89.250,8.417,177.656,151.454
4.580,7.243, 1322.008,-61.470,73.111,8.510,139.680,148.126
4.580,8.096, 1044.608,-75.761,66.671,15.718,110.634,149.063
4.580,8.948, 731.210,-80.725,53.972,10.280,87.217,150.017
4.580,9.800, 431.069,-87.214,39.465,9.889,59.746,152.548
4.580,10.652, 240.238,-90.434,25.892,9.208,37.867,154.799
5.433,0.426, 105.855,-70.800,27.244,9.515,50.667,161.217
5.433,1.278, 104.980,-72.822,31.777,10.659,60.175,159.957
5.433,2.130, 89.459,-56.423,37.044,14.545,72.150,158.924
5.433,2.983, 126.055,-15.720,43.179,19.059,84.166,158.028
5.433,3.835, 342.586,-6.018,58.394,28.085,102.160,157.353
5.433,4.687, 880.892,-21.716,85.625,29.216,128.613,156.678
5.433,5.539, 1659.868,-42.341,105.889,33.226,156.961,157.037
5.433,6.391, 2360.990,-63.417,118.631,45.241,177.879,154.562
5.433,7.243, 1748.584,-85.178,122.790,41.004,144.628,153.603
5.433,8.096, 1324.268,-88.039,94.162,31.182,120.065,151.289
5.433,8.948, 712.538,-100.131,66.121,24.657,80.323,153.785
5.433,9.800, 474.358,-102.511,50.072,22.523,61.557,155.314
5.433,10.652, 286.271,-100.417,33.369,19.175,42.669,156.483
6.285,0.426, 121.118,-78.808,30.176,21.114,51.690,162.794
6.285,1.278, 124.209,-80.780,34.145,21.945,59.577,161.480
6.285,2.130, 120.867,-72.346,40.816,28.068,70.499,160.624
6.285,2.983, 157.941,-55.165,49.017,35.419,79.613,160.304
6.285,3.835, 344.645,-41.460,68.363,44.755,95.350,160.022
6.285,4.687, 714.149,-45.147,92.164,48.004,110.869,159.970
6.285,5.539, 1814.093,-64.598,134.493,54.731,146.709,160.434
6.285,6.391, 2526.023,-86.970,171.886,60.542,161.881,159.031
6.285,7.243, 1856.490,-101.716,148.866,49.216,133.570,156.563
6.285,8.096, 1244.964,-110.833,119.214,44.105,105.218,158.027
6.285,8.948, 703.778,-114.094,76.725,33.820,76.414,157.578
6.285,9.800, 428.737,-111.908,52.761,29.517,56.700,158.264
6.285,10.652, 294.904,-109.174,38.708,26.882,43.491,158.863
7.137,0.426, 129.049,-82.702,32.325,28.289,50.995,164.290
7.137,1.278, 148.160,-86.959,38.166,33.399,57.193,163.809
7.137,2.130, 168.642,-86.326,45.874,38.850,65.184,163.190
7.137,2.983, 216.136,-78.061,57.258,45.500,74.320,162.854
7.137,3.835, 339.131,-68.282,74.315,51.110,86.917,162.342
7.137,4.687, 745.677,-77.592,114.331,58.413,103.713,163.443
7.137,5.539, 1483.621,-94.297,169.795,65.603,122.951,165.712
7.137,6.391, 2571.702,-103.121,232.526,69.137,151.372,165.961
7.137,7.243, 1442.806,-114.185,147.661,52.823,113.735,161.251
7.137,8.096, 984.043,-119.310,112.990,45.317,92.921,160.671
7.137,8.948, 660.692,-119.779,82.806,39.739,73.934,160.439
7.137,9.800, 431.496,-119.512,61.382,37.138,57.457,161.394
7.137,10.652, 262.301,-113.857,38.623,31.431,39.971,161.151
7.989,0.426, 132.115,-86.508,34.751,35.392,48.986,166.593
7.989,1.278, 158.074,-90.591,41.294,39.327,54.960,165.791
7.989,2.130, 190.793,-92.563,49.945,44.076,61.635,165.282
7.989,2.983, 245.534,-92.182,62.200,49.433,69.019,165.117
7.989,3.835, 332.464,-88.192,77.134,53.599,78.641,164.600
7.989,4.687, 579.741,-94.185,111.137,59.414,91.013,165.667
7.989,5.539, 1016.923,-108.665,173.661,64.841,109.196,168.117
7.989,6.391, 1565.352,-123.905,257.379,68.390,130.671,170.950
7.989,7.243, 1059.463,-122.094,144.906,55.455,100.363,164.892
7.989,8.096, 740.416,-123.769,107.180,49.366,81.814,164.060
7.989,8.948, 586.102,-123.979,89.742,46.678,71.453,164.105
7.989,9.800, 437.573,-122.031,67.363,41.071,58.977,163.066
7.989,10.652, 271.108,-118.826,44.794,37.309,41.937,163.626
8.841,0.426, 130.299,-89.857,36.704,39.442,47.679,168.489
8.841,1.278, 158.834,-94.080,43.686,43.069,52.825,167.758
8.841,2.130, 195.813,-97.438,52.745,47.087,58.486,167.310
8.841,2.983, 250.281,-100.213,65.140,51.364,64.716,167.209
8.841,3.835, 338.606,-103.478,82.225,55.464,71.619,167.470
8.841,4.687, 480.294,-106.442,107.865,59.130,82.180,167.586
8.841,5.539, 730.345,-117.403,159.442,63.248,96.846,169.354
8.841,6.391, 947.971,-134.275,244.875,65.917,115.665,171.809
8.841,7.243, 749.926,-127.419,151.502,59.644,91.510,169.216
8.841,8.096, 577.119,-124.971,102.638,51.961,74.520,166.591
8.841,8.948, 459.230,-124.490,82.698,48.557,63.947,166.256
8.841,9.800, 371.665,-123.373,66.037,44.674,54.594,165.567
8.841,10.652, 258.833,-121.237,47.721,41.477,41.768,165.895